0100100100000000000000000000000000000000000000000000
0000100100000110001000000010000000000000000000000000
0000111011000000000100000011011000000010000000000000
0000110001000000000100000011011000000010000000000000
0110101000000000000000000000000000000000000000000000
0000100100000110001000000010000010000000000000000000
0000110011000000000100000011011000001110000000000000
0000101111000000000100000011011000001110000000000000
0001001001000000001000000100000110000000110100000000
0000100100000110001000000010000100000000000000000000
0000000000000000000000000000000000000000000000000000
0000000000000000000000000000000000000000000000000000
0000100100000001000001000011000000000000000000000000
0000100100000110000010000010000000000000000000000000
0000100100000100000100000000101000001000000000000000
0000111001000000000100000000000000000000000000000000
0010100000000000000000000000000001110000000000000000
0010100010000000000000000000000001100000000000000000
0001000011000001100000000000000000000000000000000000
0001000011000001100000000000000000000000000000000000
0000100100000101100001001011000000000000000000000000
0000100100000101100001001000110000001000000000000000
0000100100000001000001000000100000001000000000000000
0000100000100000001000000000000110010000000000000000
0000100010100000001000000000000110000000000000000000
0010110010100000000000000000000001010000000000000000
0000000000000000000000000000000000000000000000000000
0000100100000110010000000000000000010000000000000000
0010111000100100100000001000000001010000000000000000
0010111010100000000000000000000001000000000000000000
0000100100000001010000100000000000010000000000000000
0000100100000110010000000000000000000000000000000000
1000000000001000000000000000000000000000000000000000
0011000010100000000000000000000001010000000000000000
0000000000000000000000000000000000000000000000000000
0001000000010000010000000000000000010100000000000000
0011001000100000000000000000000001010000000000000000
0011001010100000000000000000000001010000000000000000
0001010000000001010000100000000000010000010100000000
0001010010000010010000000000000000010001000000100000
0001001011000000000000000000000000000000010100010000
0001010100000000000000000000000000000000000001010000
0000100100000100000000010000000000000000000000001000
0001011000000000001000000100000110000000001110100000
0001011100100000000000000000000000010000100100000010
0011011010000000000000000000000001110000000000000000
0001011011000000000000000000000000000000100100010000
0001101001000101000001110000000000000000000000010000
0011100000000000000000000000000001110000000000000000
0011100010100000000000000000000001010000000000000000
0001100011000000000000000000000000000000000000000001
0000100100000001010000100000000000010000000000000000
0001100000100000100000000000000000010000000000000000
0000000000000000000000000000000000000000000000000000
0000000000000000000000000000000000000000000000000000
0000000000000000000000000000000000000000000000000000
0000000000000000000000000000000000000000000000000000
0000000000000000000000000000000000000000000000000000
0000000000000000000000000000000000000000000000000000
0000000000000000000000000000000000000000000000000000
0000000000000000000000000000000000000000000000000000
0000000000000000000000000000000000000000000000000000
0000000000000000000000000000000000000000000000000000
0000000000000000000000000000000000000000000000000000
