010010010000000000000000000000000000000000000000000000000000
000010010000011000100000001000000000000000000000000000000000
000011101100000000010000001101100000000000000000000000000010
000011000100000000010000001101100000000000000000000000000000
011010100000000000000000000000000000000000000000000000000000
000010010000011000100000001000001000000000000000000000000000
000011001100000000010000001101100000100000000000000000000010
000010111100000000010000001101100000100000000000000000000000
000100100100000000100000010000011000000011010000000000000010
000010010000011000100000001000010000000000000000000000000000
000000000000000000000000000000000000000000000000000000000000
000000000000000000000000000000000000000000000000000000000000
000010010000000100000100001100000000000000000000000000000000
000010010000011000001000001000000000000000000000000000000000
000010010000010000010000000010100000100000000000000000000000
000011100100000000010000000000000000000000000000000000000010
001010000000000000000000000000000111000000000000000000000000
001010001000000000000000000000000110000000000000000000000000
000100001100000110000000000000000000000000000000000000000010
000100001100000110000000000000000000000000000000000000000010
000010010000010110000100101100000000000000000000000000000000
000010010000010110000100100011000000100000000000000000000000
000010010000000100000100000010000000100000000000000000000000
000010000010000000100000000000011001000000000000000000000010
000010001010000000100000000000011000000000000000000000000010
001011001010000000000000000000000101000000000000000000000000
000000000000000000000000000000000000000000000000000000000000
000010010000011001000000000000000001000000000000000000000000
001011100010010010000000100000000101000000000000000000000000
001011101010000000000000000000000100000000000000000000000000
000010010000000101000010000000000001000000000000000000000000
000010010000011001000000000000000000000000000000000000000000
100000000000100000000000000000000000000000000000000000000000
001100001010000000000000000000000101000000000000000000000000
000000000000000000000000000000000000000000000000000000000000
000100000001000001000000000000000001011000000000000000000000
001100100010000000000000000000000101000000000000000000000000
001100101010000000000000000000000101000000000000000000000000
000101000000000101000010000000000001000001010000000000000000
000101001000001001000000000000000001000100000010000000000000
000100101100000000000000000000000000000001010001000000000010
000101010000000000000000000000000000000000000101000000000000
000010010000010000000001000000000000000000000000100000000000
000101100000000000100000010000011000000000111010000000000000
000101110010000000000000000000000001000010010000001000000000
001101101000000000000000000000000111000000000000000000000000
000101101100000000000000000000000000000010010001000000000000
000110100100010100000111000000000000000000000001000000000000
001110000000000000000000000000000111000000000000000000000000
001110001010000000000000000000000101000000000000000000000000
000110001100000000000000000000000000000000000000000100000010
000010010000000101000010000000000001000000000000000000000000
000110000010000010000000000000000001000000000000000000000000
000110110000000000000000000000000000001000000000000000001000
000111000100000000000000000000000000000000000000000010000000
000111100000000000000000000000000000010000000000000000010100
001111000010000000000000000000000101000000000000000000000000
001111001000000000000000000000000111000000000000000000000000
000110111000000001000000000000000001000000000000000000000100
000111101100000000000000000000000000000000000000000001000000
000111001010000000000000000000000001000000000000000000100000
000000000010000000100000000000011001000000000000000000000011
000000000000000000000000000000000000000000000000000000000000
000000000000000000000000000000000000000000000000000000000000